@Number of loops of length 5 found: 625
@List of loops:
18 7 10 6 14 
21 9 4 15 17 
25 15 1 16 19 
25 15 17 21 19 
28 8 20 2 18 
28 8 20 2 27 
28 2 18 26 27 
30 11 1 16 19 
30 11 1 15 25 
30 11 1 16 25 
30 22 19 16 25 
31 8 28 2 20 
31 8 20 2 29 
31 8 28 2 29 
33 10 7 18 14 
34 17 21 19 22 
34 15 25 19 22 
34 15 25 30 22 
37 2 29 9 21 
38 9 21 17 15 
38 9 4 15 17 
38 9 29 21 17 
38 9 21 19 22 
38 17 21 19 22 
38 15 25 19 22 
38 15 25 30 22 
38 15 17 34 22 
38 9 4 15 34 
38 9 21 17 34 
38 9 4 15 35 
38 22 34 15 35 
38 15 17 34 35 
38 9 29 2 37 
38 15 17 21 37 
38 34 17 21 37 
38 22 19 21 37 
38 9 29 21 37 
39 15 35 38 17 
39 15 4 9 21 
39 15 38 9 21 
39 17 38 9 21 
39 15 38 17 21 
39 15 25 19 21 
39 15 38 37 21 
39 17 38 37 21 
39 21 17 15 34 
39 21 19 22 34 
39 15 38 22 34 
39 17 38 22 34 
39 17 15 35 34 
39 17 38 35 34 
39 21 9 38 34 
39 15 17 38 34 
39 21 17 38 34 
39 15 35 38 34 
39 21 37 38 34 
41 15 25 19 16 
41 1 15 25 16 
41 16 1 15 34 
41 16 25 15 34 
41 1 15 17 34 
41 16 19 22 34 
41 1 15 35 34 
41 1 15 39 34 
41 15 17 39 34 
41 8 20 2 37 
41 8 28 2 37 
41 15 17 21 37 
41 34 17 21 37 
41 16 19 21 37 
41 15 39 21 37 
41 34 39 21 37 
41 1 15 38 37 
41 15 17 38 37 
41 34 17 38 37 
41 34 22 38 37 
41 15 34 38 37 
41 15 35 38 37 
41 34 35 38 37 
41 15 4 9 38 
41 37 21 9 38 
41 16 1 15 38 
41 16 25 15 38 
41 1 15 17 38 
41 37 21 17 38 
41 15 39 17 38 
41 34 39 17 38 
41 16 19 22 38 
41 15 34 22 38 
41 1 15 34 38 
41 15 17 34 38 
41 15 39 34 38 
41 1 15 35 38 
41 15 34 35 38 
42 2 18 7 10 
42 2 28 18 10 
42 2 18 7 14 
42 2 18 10 14 
42 10 7 18 14 
42 2 28 18 14 
43 1 41 8 31 
44 15 1 11 30 
44 15 25 19 30 
44 15 34 22 30 
44 15 38 22 30 
44 30 25 15 34 
44 30 19 22 34 
44 15 1 41 34 
44 15 4 9 38 
44 30 25 15 38 
44 30 19 22 38 
44 15 34 22 38 
44 15 17 34 38 
44 30 22 34 38 
44 15 34 35 38 
44 15 41 37 38 
44 34 41 37 38 
44 15 1 41 38 
44 15 34 41 38 
44 30 25 15 39 
44 38 35 15 39 
44 38 41 15 39 
44 15 38 17 39 
44 38 9 21 39 
44 15 17 21 39 
44 34 17 21 39 
44 38 17 21 39 
44 30 19 21 39 
44 38 37 21 39 
44 15 17 34 39 
44 38 17 34 39 
44 30 22 34 39 
44 38 22 34 39 
44 15 35 34 39 
44 38 35 34 39 
44 15 38 34 39 
44 15 41 34 39 
44 38 41 34 39 
45 21 17 15 35 
45 21 39 15 35 
45 21 17 34 35 
45 21 39 34 35 
45 21 9 38 35 
45 21 17 38 35 
45 21 37 38 35 
45 21 17 15 39 
45 35 38 15 39 
45 35 15 17 39 
45 35 34 17 39 
45 35 38 17 39 
45 35 15 34 39 
45 21 17 34 39 
45 35 38 34 39 
45 35 15 44 39 
45 35 34 44 39 
45 35 38 44 39 
46 9 21 19 16 
46 9 38 41 16 
46 9 29 21 19 
46 9 38 22 19 
46 9 21 19 22 
46 16 25 30 22 
46 9 38 34 22 
46 16 41 34 22 
46 16 41 38 22 
46 9 21 37 24 
46 19 21 37 24 
46 9 38 37 24 
46 22 38 37 24 
46 16 41 37 24 
46 16 1 15 25 
46 9 4 15 25 
46 22 34 15 25 
46 9 38 15 25 
46 22 38 15 25 
46 16 41 15 25 
46 22 19 16 25 
46 9 21 19 25 
46 16 1 11 30 
46 9 21 19 30 
46 16 19 22 30 
46 9 38 22 30 
46 16 19 25 30 
46 22 19 25 30 
46 25 15 44 30 
46 22 34 44 30 
46 9 38 44 30 
46 19 21 9 38 
46 16 1 15 38 
46 9 4 15 38 
46 16 25 15 38 
46 19 25 15 38 
46 30 25 15 38 
46 22 34 15 38 
46 16 41 15 38 
46 30 44 15 38 
46 25 15 17 38 
46 9 21 17 38 
46 19 21 17 38 
46 22 34 17 38 
46 16 19 22 38 
46 25 19 22 38 
46 19 30 22 38 
46 25 30 22 38 
46 25 15 34 38 
46 19 22 34 38 
46 30 22 34 38 
46 16 41 34 38 
46 30 44 34 38 
46 25 15 35 38 
46 22 34 35 38 
46 9 21 37 38 
46 19 21 37 38 
46 16 41 37 38 
46 16 1 41 38 
46 25 15 41 38 
46 19 16 41 38 
46 25 16 41 38 
46 22 34 41 38 
46 24 37 41 38 
46 25 15 44 38 
46 19 30 44 38 
46 22 30 44 38 
46 25 30 44 38 
46 22 34 44 38 
48 1 15 17 21 
48 1 16 19 21 
48 11 30 19 21 
48 1 41 37 21 
48 1 15 39 21 
48 11 3 45 21 
48 21 37 2 29 
48 1 43 31 29 
48 11 43 31 29 
48 1 41 8 31 
48 29 2 20 31 
48 21 9 29 31 
48 11 3 43 31 
48 1 11 43 31 
48 1 11 3 43 
48 21 45 3 43 
48 21 29 31 43 
50 35 15 44 47 
50 35 34 44 47 
50 35 38 44 47 
51 15 35 38 17 
51 15 41 38 17 
51 15 44 38 17 
51 15 44 39 17 
51 15 4 9 21 
51 15 38 9 21 
51 17 38 9 21 
51 15 38 17 21 
51 15 25 19 21 
51 15 38 37 21 
51 17 38 37 21 
51 15 41 37 21 
51 15 17 39 21 
51 15 44 39 21 
51 15 35 45 21 
51 15 39 45 21 
51 17 39 45 21 
51 15 1 48 21 
51 21 17 15 34 
51 21 39 15 34 
51 21 19 22 34 
51 15 38 22 34 
51 17 38 22 34 
51 17 15 35 34 
51 17 38 35 34 
51 21 45 35 34 
51 21 9 38 34 
51 15 17 38 34 
51 21 17 38 34 
51 15 35 38 34 
51 21 37 38 34 
51 15 17 39 34 
51 17 21 39 34 
51 21 45 39 34 
51 15 1 41 34 
51 17 15 41 34 
51 21 37 41 34 
51 15 38 41 34 
51 17 38 41 34 
51 17 15 44 34 
51 15 38 44 34 
51 17 38 44 34 
51 15 39 44 34 
51 17 39 44 34 
51 21 39 44 34 
51 17 15 1 43 
51 34 15 1 43 
51 15 41 1 43 
51 34 41 1 43 
51 21 48 1 43 
51 21 45 3 43 
51 15 1 11 43 
51 21 48 11 43 
51 21 29 31 43 
51 21 48 31 43 
51 15 1 48 43 
51 17 21 48 43 
51 21 29 48 43 
51 15 4 9 46 
51 17 21 9 46 
51 21 29 9 46 
51 15 38 9 46 
51 17 38 9 46 
51 34 38 9 46 
51 15 1 16 46 
51 43 1 16 46 
51 21 19 16 46 
51 15 25 16 46 
51 15 41 16 46 
51 34 41 16 46 
51 17 21 19 46 
51 34 22 19 46 
51 15 25 19 46 
51 21 19 22 46 
51 15 34 22 46 
51 17 34 22 46 
51 15 38 22 46 
51 17 38 22 46 
51 21 37 24 46 
51 17 15 25 46 
51 34 15 25 46 
51 21 19 25 46 
51 43 11 30 46 
51 21 19 30 46 
51 34 22 30 46 
51 15 25 30 46 
51 15 44 30 46 
51 34 44 30 46 
51 21 9 38 46 
51 15 17 38 46 
51 21 17 38 46 
51 34 22 38 46 
51 15 34 38 46 
51 17 34 38 46 
51 15 35 38 46 
51 34 35 38 46 
51 21 37 38 46 
51 15 41 38 46 
51 34 41 38 46 
51 15 44 38 46 
51 34 44 38 46 
52 19 21 37 24 
52 22 38 37 24 
52 19 16 46 24 
52 19 22 46 24 
52 22 38 46 24 
52 22 34 15 25 
52 22 38 15 25 
52 22 19 16 25 
52 22 46 16 25 
52 24 46 16 25 
52 24 46 19 25 
52 22 38 46 25 
52 24 46 19 30 
52 24 46 22 30 
52 19 16 25 30 
52 22 19 25 30 
52 24 46 25 30 
52 25 15 44 30 
52 22 34 44 30 
52 22 38 44 30 
52 19 21 9 46 
52 22 38 9 46 
52 22 19 16 46 
52 30 19 16 46 
52 30 25 16 46 
52 19 16 25 46 
52 22 19 25 46 
52 22 30 25 46 
52 19 22 30 46 
52 19 25 30 46 
52 25 15 38 46 
52 19 22 38 46 
52 30 22 38 46 
52 22 34 38 46 
52 24 37 38 46 
52 30 44 38 46 
52 19 25 15 51 
52 30 25 15 51 
52 46 25 15 51 
52 22 34 15 51 
52 22 38 15 51 
52 46 38 15 51 
52 30 44 15 51 
52 25 15 17 51 
52 19 21 17 51 
52 22 34 17 51 
52 22 38 17 51 
52 46 38 17 51 
52 46 9 21 51 
52 22 19 21 51 
52 25 19 21 51 
52 30 19 21 51 
52 46 19 21 51 
52 24 37 21 51 
52 25 15 34 51 
52 19 22 34 51 
52 30 22 34 51 
52 46 22 34 51 
52 22 38 34 51 
52 46 38 34 51 
52 30 44 34 51 
52 30 11 43 51 
52 19 16 46 51 
52 25 16 46 51 
52 19 22 46 51 
52 19 25 46 51 
52 19 30 46 51 
52 22 30 46 51 
52 25 30 46 51 
52 22 38 46 51 
53 15 1 11 30 
53 15 25 19 30 
53 15 34 22 30 
53 15 38 22 30 
53 15 34 44 30 
53 15 38 44 30 
53 15 25 46 30 
53 15 38 46 30 
53 15 51 46 30 
53 15 25 52 30 
53 15 51 52 30 
53 30 25 15 39 
53 30 44 15 39 
53 15 38 17 39 
53 15 51 17 39 
53 15 17 21 39 
53 30 19 21 39 
53 15 51 21 39 
53 15 17 34 39 
53 30 22 34 39 
53 15 35 34 39 
53 15 38 34 39 
53 30 44 34 39 
53 15 51 34 39 
53 15 34 44 39 
53 15 38 44 39 
53 15 35 45 39 
53 30 11 1 41 
53 39 15 1 41 
53 39 17 15 41 
53 30 25 15 41 
53 30 44 15 41 
53 39 44 15 41 
53 15 1 16 41 
53 30 19 16 41 
53 15 25 16 41 
53 30 25 16 41 
53 30 46 16 41 
53 15 17 34 41 
53 39 17 34 41 
53 30 22 34 41 
53 15 35 34 41 
53 15 39 34 41 
53 15 44 34 41 
53 30 44 34 41 
53 39 44 34 41 
53 15 51 34 41 
53 39 21 37 41 
53 15 38 37 41 
53 39 15 38 41 
53 15 17 38 41 
53 39 17 38 41 
53 30 22 38 41 
53 15 34 38 41 
53 39 34 38 41 
53 15 35 38 41 
53 15 44 38 41 
53 30 44 38 41 
53 39 44 38 41 
53 30 46 38 41 
55 2 18 10 7 
55 2 42 10 7 
55 2 42 14 7 
55 2 28 18 7 
55 2 18 28 8 
55 7 18 28 8 
55 2 27 28 8 
55 2 20 31 8 
55 2 29 31 8 
55 2 37 41 8 
55 7 10 6 14 
55 2 18 7 14 
55 2 18 10 14 
55 2 42 10 14 
55 7 10 18 14 
55 2 28 18 14 
55 8 28 18 14 
55 7 10 33 14 
55 7 18 2 20 
55 14 18 2 20 
55 14 42 2 20 
55 2 28 8 20 
55 2 29 31 20 
55 7 18 2 42 
55 8 20 2 42 
55 8 28 2 42 
55 14 6 10 42 
55 2 18 10 42 
55 7 18 10 42 
55 14 18 10 42 
55 14 33 10 42 
55 7 10 14 42 
55 2 18 14 42 
55 7 18 14 42 
56 16 19 22 52 
56 16 46 22 52 
56 16 46 24 52 
56 16 19 25 52 
56 16 19 30 52 
56 16 25 30 52 
56 16 46 30 52 
56 16 19 46 52 
56 16 25 46 52 
56 16 46 51 52 
57 6 10 14 7 
57 6 10 18 7 
57 6 14 18 7 
57 6 14 55 7 
58 6 57 7 10 
58 6 10 7 14 
58 6 57 7 14 
58 6 10 33 14 
58 7 10 33 14 
58 6 10 7 18 
58 6 14 7 18 
58 6 57 7 18 
58 6 10 14 18 
58 7 10 14 18 
58 10 33 14 18 
58 18 2 37 40 
58 7 18 2 42 
58 10 18 2 42 
58 14 18 2 42 
58 18 28 2 42 
58 40 37 2 42 
58 7 55 2 42 
58 7 18 10 42 
58 6 10 14 42 
58 7 10 14 42 
58 7 18 14 42 
58 10 18 14 42 
58 10 33 14 42 
58 18 7 55 42 
58 7 18 2 55 
58 10 18 2 55 
58 14 18 2 55 
58 18 28 2 55 
58 40 37 2 55 
58 10 42 2 55 
58 14 42 2 55 
58 6 10 7 55 
58 6 14 7 55 
58 10 18 7 55 
58 6 57 7 55 
58 18 28 8 55 
58 6 10 14 55 
58 7 10 14 55 
58 7 18 14 55 
58 10 18 14 55 
58 10 33 14 55 
58 18 2 20 55 
58 42 2 20 55 
58 18 2 42 55 
58 6 10 42 55 
58 7 10 42 55 
58 18 10 42 55 
58 6 14 42 55 
58 7 14 42 55 
58 10 14 42 55 
58 18 14 42 55 
60 4 15 38 9 
60 4 15 1 16 
60 9 21 19 16 
60 9 46 19 16 
60 4 15 25 16 
60 9 46 25 16 
60 4 15 41 16 
60 9 38 41 16 
60 4 9 46 16 
60 9 38 46 16 
60 9 29 2 37 
60 4 9 21 37 
60 16 19 21 37 
60 9 29 21 37 
60 9 46 24 37 
60 16 46 24 37 
60 4 9 38 37 
60 4 15 38 37 
60 16 41 38 37 
60 16 46 38 37 
60 16 1 41 37 
60 4 15 41 37 
60 9 38 41 37 
60 37 21 9 46 
60 37 38 9 46 
60 37 41 16 46 
60 9 21 19 46 
60 37 21 19 46 
60 16 19 22 46 
60 9 38 22 46 
60 37 38 22 46 
60 4 15 25 46 
60 16 19 25 46 
60 16 19 30 46 
60 16 25 30 46 
60 4 9 38 46 
60 4 15 38 46 
60 16 41 38 46 
60 37 41 38 46 
60 4 15 51 46 
60 9 21 51 46 
60 37 21 51 46 
60 16 19 52 46 
60 37 24 52 46 
60 16 25 52 46 
60 16 56 52 46 
62 3 45 35 38 
62 38 15 44 54 
62 38 34 44 54 
@Participation of each node:
0
47
58
6
24
0
22
46
20
72
47
17
0
0
52
220
90
100
56
95
15
134
105
0
23
91
1
3
19
20
100
17
0
8
157
50
0
78
226
98
3
119
45
24
88
28
194
3
24
0
3
145
86
60
2
64
11
8
52
0
46
0
3
