@Number of loops of length 5 found: 272
@List of loops:
8 1 2 3 4 
9 1 2 4 3 
9 1 2 8 3 
9 1 4 8 3 
11 1 5 7 6 
13 1 2 3 4 
13 1 9 3 4 
13 1 2 8 4 
13 1 3 8 4 
14 1 2 8 3 
14 2 1 9 3 
14 1 2 3 4 
14 1 9 3 4 
14 1 2 8 4 
14 1 3 8 4 
14 2 3 8 4 
14 2 1 13 4 
14 3 1 13 4 
17 6 11 1 7 
17 6 1 5 7 
17 6 11 5 7 
18 1 9 3 2 
18 1 3 4 2 
18 1 13 4 2 
18 1 3 8 2 
18 1 4 8 2 
18 1 3 14 2 
18 1 4 14 2 
20 1 9 3 2 
20 1 3 4 2 
20 1 13 4 2 
20 1 3 8 2 
20 1 4 8 2 
20 1 3 14 2 
20 1 4 14 2 
22 1 9 3 2 
22 1 3 4 2 
22 1 13 4 2 
22 1 3 8 2 
22 1 4 8 2 
22 1 3 14 2 
22 1 4 14 2 
31 2 4 1 9 
31 2 8 1 9 
31 2 14 1 9 
31 2 18 1 9 
31 2 20 1 9 
31 2 22 1 9 
31 2 1 3 9 
31 2 4 3 9 
31 2 8 3 9 
31 2 14 3 9 
32 1 3 28 25 
32 25 28 24 26 
32 1 2 3 29 
32 1 4 3 29 
32 1 8 3 29 
32 1 9 3 29 
32 1 14 3 29 
32 25 28 3 29 
33 3 2 1 9 
33 3 4 1 9 
33 3 8 1 9 
33 3 14 1 9 
33 9 3 28 24 
33 3 28 24 30 
33 3 1 2 31 
33 9 1 2 31 
33 9 3 2 31 
33 3 4 2 31 
33 3 8 2 31 
33 3 14 2 31 
33 3 1 9 31 
33 3 2 1 32 
33 31 2 1 32 
33 3 4 1 32 
33 3 8 1 32 
33 3 9 1 32 
33 31 9 1 32 
33 3 14 1 32 
33 24 26 25 32 
33 3 28 25 32 
33 24 28 25 32 
33 30 24 26 32 
33 9 3 29 32 
34 9 1 3 10 
34 10 3 1 14 
34 9 1 2 14 
34 9 3 2 14 
34 10 3 2 14 
34 9 31 2 14 
34 9 1 3 14 
34 9 1 4 14 
34 9 3 4 14 
34 10 3 4 14 
34 9 3 33 15 
34 10 3 33 15 
34 14 3 33 15 
34 9 3 33 16 
34 10 3 33 16 
34 14 3 33 16 
34 9 3 33 19 
34 10 3 33 19 
34 14 3 33 19 
34 9 3 1 20 
34 10 3 1 20 
34 14 3 1 20 
34 14 4 1 20 
34 9 1 2 20 
34 14 1 2 20 
34 9 3 2 20 
34 10 3 2 20 
34 14 3 2 20 
34 14 4 2 20 
34 9 31 2 20 
34 9 3 33 21 
34 10 3 33 21 
34 14 3 33 21 
34 9 3 33 23 
34 10 3 33 23 
34 14 3 33 23 
34 9 3 28 24 
34 10 3 28 24 
34 14 3 28 24 
34 9 3 33 24 
34 10 3 33 24 
34 14 3 33 24 
34 9 33 30 27 
34 15 33 30 27 
34 16 33 30 27 
34 19 33 30 27 
34 21 33 30 27 
34 23 33 30 27 
34 9 1 3 28 
34 14 1 3 28 
34 20 1 3 28 
34 14 2 3 28 
34 20 2 3 28 
34 14 4 3 28 
34 15 33 3 28 
34 16 33 3 28 
34 19 33 3 28 
34 21 33 3 28 
34 23 33 3 28 
34 27 30 24 28 
34 9 33 24 28 
34 15 33 24 28 
34 16 33 24 28 
34 19 33 24 28 
34 21 33 24 28 
34 23 33 24 28 
34 24 26 25 28 
34 9 1 3 29 
34 14 1 3 29 
34 20 1 3 29 
34 14 2 3 29 
34 20 2 3 29 
34 14 4 3 29 
34 24 28 3 29 
34 15 33 3 29 
34 16 33 3 29 
34 19 33 3 29 
34 21 33 3 29 
34 23 33 3 29 
34 24 33 3 29 
34 9 1 32 29 
34 14 1 32 29 
34 20 1 32 29 
34 28 25 32 29 
34 24 26 32 29 
34 9 33 32 29 
34 15 33 32 29 
34 16 33 32 29 
34 19 33 32 29 
34 21 33 32 29 
34 23 33 32 29 
34 24 33 32 29 
34 9 33 24 30 
34 15 33 24 30 
34 16 33 24 30 
34 19 33 24 30 
34 21 33 24 30 
34 23 33 24 30 
34 9 3 33 30 
34 10 3 33 30 
34 14 3 33 30 
34 28 3 33 30 
34 29 3 33 30 
34 29 32 33 30 
34 9 1 2 31 
34 14 1 2 31 
34 20 1 2 31 
34 9 3 2 31 
34 10 3 2 31 
34 14 3 2 31 
34 28 3 2 31 
34 29 3 2 31 
34 14 4 2 31 
34 14 1 9 31 
34 20 1 9 31 
34 10 3 9 31 
34 14 3 9 31 
34 28 3 9 31 
34 29 3 9 31 
34 15 33 9 31 
34 16 33 9 31 
34 19 33 9 31 
34 21 33 9 31 
34 23 33 9 31 
34 24 33 9 31 
34 30 33 9 31 
34 10 3 33 31 
34 14 3 33 31 
34 28 3 33 31 
34 29 3 33 31 
34 28 24 33 31 
34 24 30 33 31 
34 27 30 33 31 
34 29 32 33 31 
34 14 2 1 32 
34 20 2 1 32 
34 31 2 1 32 
34 9 3 1 32 
34 10 3 1 32 
34 14 3 1 32 
34 28 3 1 32 
34 29 3 1 32 
34 14 4 1 32 
34 31 9 1 32 
34 24 26 25 32 
34 24 28 25 32 
34 28 24 26 32 
34 30 24 26 32 
34 28 25 26 32 
34 9 3 29 32 
34 10 3 29 32 
34 14 3 29 32 
34 28 3 29 32 
34 9 3 33 32 
34 10 3 33 32 
34 14 3 33 32 
34 28 3 33 32 
34 28 24 33 32 
34 24 30 33 32 
34 27 30 33 32 
34 9 31 33 32 
34 9 1 3 33 
34 14 1 3 33 
34 20 1 3 33 
34 32 1 3 33 
34 14 2 3 33 
34 20 2 3 33 
34 31 2 3 33 
34 14 4 3 33 
34 31 9 3 33 
34 24 28 3 33 
34 32 29 3 33 
34 14 1 9 33 
34 20 1 9 33 
34 10 3 9 33 
34 14 3 9 33 
34 28 3 9 33 
34 29 3 9 33 
34 27 30 24 33 
34 28 24 30 33 
34 14 2 31 33 
34 20 2 31 33 
34 9 1 32 33 
34 14 1 32 33 
34 20 1 32 33 
34 28 25 32 33 
34 24 26 32 33 
@Participation of each node:
0
111
84
160
42
3
4
4
21
86
21
3
0
9
68
10
10
3
8
10
32
10
8
10
43
12
10
10
47
45
29
58
68
134
187
